69
129 61
139 67
96 88
116 72
126 72
115 71
109 72
140 82
133 87
118 60
139 74
112 68
112 68
100 60
118 86
92 64
131 65
139 83
133 83
89 81
138 65
119 61
112 79
97 76
101 73
106 69
124 77
138 89
117 90
104 72
138 60
137 70
98 65
135 89
127 77
93 71
96 81
98 77
99 80
89 60
105 70
128 87
97 63
141 76
103 60
109 76
96 70
89 58
136 79
138 86
140 69
125 67
114 86
90 86
134 77
121 86
125 80
112 77
97 87
122 73
134 68
125 72
96 67
117 68
139 69
129 88
108 59
140 87
108 78
