95
100 76
108 80
125 81
120 58
94 67
133 76
140 60
106 63
106 64
122 68
139 70
111 76
123 88
113 60
105 68
102 67
93 80
133 75
103 68
102 86
121 68
136 75
107 72
99 89
111 64
113 62
131 77
134 80
108 80
119 80
132 73
126 78
141 71
94 58
106 89
102 72
105 79
127 71
139 75
120 91
114 84
104 78
95 67
112 81
132 85
103 67
137 71
94 76
140 67
137 66
124 80
121 62
94 77
118 75
92 82
105 90
115 60
90 77
109 80
106 75
98 68
140 91
120 65
122 78
107 79
92 59
111 91
106 86
139 87
108 75
126 80
105 73
116 77
125 79
107 86
120 89
138 87
131 76
121 77
126 71
126 86
118 86
139 71
118 65
108 59
115 85
125 89
130 81
101 70
110 65
88 70
101 75
130 60
137 82
104 81
