73
127 68
113 70
89 74
140 90
100 85
96 89
117 91
116 67
109 85
133 81
97 79
117 60
130 78
136 75
132 65
133 60
92 85
128 91
98 80
90 80
117 91
123 81
100 70
131 85
138 84
99 84
91 78
120 65
115 62
104 82
132 80
124 87
132 81
104 62
133 74
115 72
125 74
123 75
95 66
109 88
136 63
100 62
119 80
108 84
95 73
113 69
101 60
106 66
139 69
102 66
133 79
99 70
99 60
96 67
102 84
94 89
103 80
102 65
122 91
135 65
107 90
118 75
117 75
119 83
129 75
141 90
136 75
141 81
134 65
115 88
138 64
120 75
125 67
