60 40
bme 4430 65 827
sru 203 68 808
lueui 4865 71 440
myfxj 1251 52 97
bcijmv 1932 69 436
jne 3678 76 924
liwmlq 4379 64 492
khow 4582 52 666
wwnib 148 55 392
mtsru 3568 99 894
xkmpyy 2697 81 736
wgr 3230 91 646
ynrq 4339 52 214
zkix 2156 50 493
yotq 1492 68 911
cfkw 2657 90 465
fkeer 2238 94 222
zegj 3736 83 914
jwr 1468 100 311
lffl 619 95 926
lcb 3267 77 295
iywkl 3206 84 54
fdvqlp 656 76 114
zmjnhb 1759 58 409
emjwx 1859 87 988
umdj 2388 63 393
drgkeu 1688 61 893
jirsbt 2741 95 216
rxuy 4446 88 248
fupgln 264 89 362
qtgbi 4100 83 871
ostry 4107 65 866
djaat 598 77 351
wxf 4660 89 667
inoh 4242 87 502
hbpb 474 76 70
hpa 4987 98 61
ctvx 953 55 899
xmnc 847 65 504
owj 2347 91 658
qvlfi 2756 84 747
vja 1170 52 54
tllyy 4197 88 344
kwx 1431 100 575
mtgd 4955 67 889
vnk 4325 72 817
ocen 1400 72 824
ayfv 4333 59 527
wqhqkm 3037 78 100
unou 3997 95 816
dqde 4750 67 167
irmqp 193 78 485
sxnxbx 1953 85 47
kgefxd 792 69 171
xqud 1708 83 359
cjvcg 1192 57 948
kihr 2402 76 913
tpah 2778 80 569
pflx 3363 85 231
gpy 3327 97 495
