40 30
diayia 1411 88 302
ayw 1617 67 113
sok 1644 51 153
ujl 3819 66 963
yvvds 2342 83 546
sjwwl 1887 66 721
mbylwq 4586 83 879
kln 4354 71 755
rgoub 4298 55 958
elfk 4462 56 955
wtcg 1153 92 355
ezf 4726 68 72
oai 3439 96 769
mfz 4986 59 329
foms 3724 71 65
xtl 4609 99 632
xsl 1 69 429
utpc 894 87 543
nagm 2865 76 616
chjfe 310 70 198
bonsh 2345 56 312
hjk 529 66 710
mbx 4343 78 535
cqi 830 65 44
buinn 2937 54 672
xcbx 669 64 819
kxkj 2984 85 793
utwyl 4974 99 48
swpx 2765 94 962
kxljkt 142 69 203
kzu 1410 88 203
dshub 3430 67 884
vkge 1652 96 100
ruy 1796 75 597
zznpcd 891 93 697
ine 3351 68 751
cehmk 3968 55 260
yuqmlz 1707 50 376
hiuihi 427 88 371
jhet 1099 92 723
