50 33
dlty 3541 88 329
jgqveq 3587 69 488
uiepda 472 78 64
nzjrq 869 60 403
bjpbs 525 64 865
suombl 4636 54 562
zcx 1501 82 690
grktx 1380 76 785
xnuid 27 57 633
faslqv 3870 100 986
mre 2440 56 530
jgjgq 1314 56 913
lzaq 2541 96 600
kex 2008 63 85
mkkn 1414 77 898
hrw 1412 64 331
mruwvt 3197 63 937
wtj 3658 96 639
xwpm 4899 69 769
gnnm 3630 78 726
lzylty 1195 62 293
cxftx 4438 73 559
mjbt 3072 62 975
scj 2967 83 227
lmg 4805 80 80
pmwtz 3975 56 90
qygyl 424 55 645
kdfxbq 4073 96 903
tjz 451 50 912
qvuom 3391 86 125
djsu 2084 76 142
htnmeo 2213 59 640
ykpb 2960 88 135
wgv 964 97 119
dfvcia 1935 86 956
jsfge 716 56 210
eeige 1593 88 427
ksmzc 4637 77 703
dgf 1534 100 157
azrek 526 70 247
ipdjmd 4353 64 486
yxcml 2805 91 196
woh 4414 83 322
ofr 2600 70 401
cmvuf 4952 60 640
pnq 513 89 443
qdu 1715 62 905
tlpps 1012 71 265
mzxbn 4691 70 844
kgghje 4760 54 778
