80
141 87
106 61
108 81
113 89
125 72
137 72
100 90
137 84
106 80
128 88
122 74
100 65
123 64
92 80
107 72
90 87
110 82
128 87
134 90
118 73
119 66
111 87
135 68
128 62
100 59
127 66
113 86
90 83
138 70
119 89
109 76
108 80
140 64
115 81
98 68
109 80
133 65
133 77
110 60
103 65
121 67
104 79
115 84
95 90
100 82
129 84
115 91
134 72
141 70
103 74
129 76
105 77
92 61
93 77
97 62
132 58
122 58
119 68
93 90
123 88
118 63
105 63
107 74
132 66
93 65
139 69
113 59
94 59
109 86
91 88
131 79
137 91
100 60
119 71
94 66
97 78
94 78
139 69
97 87
130 83
