49
97
0 81
18 39 69
8 80 34 28
8 31 29 22 28
16 2 36 95 66 5
37 29 67 13 16 89 27
86 26 65 49 25 13 22 50
98 31 96 24 30 48 87 92 32
38 93 42 67 36 72 2 28 90 75
45 97 75 6 75 15 77 86 78 87 46
57 8 68 16 10 75 56 76 68 22 22 18
19 36 40 9 20 93 4 48 65 94 12 47 47
60 18 68 4 71 18 96 74 15 61 64 58 11 74
88 6 92 78 67 24 12 83 85 41 40 51 59 2 42
95 92 35 78 30 66 77 40 10 33 89 43 1 37 36 6
6 32 88 25 87 17 11 80 20 71 69 87 96 96 71 9 51
46 26 74 92 61 54 92 17 94 55 13 18 19 22 31 32 28 42
88 47 18 66 50 32 42 76 26 77 54 46 16 38 14 13 40 57 67
64 37 52 91 60 86 56 13 80 55 90 68 24 96 64 42 64 26 62 44
66 95 41 49 80 79 75 74 19 13 86 16 20 75 85 10 26 79 64 48 58
43 82 18 27 12 54 85 59 9 13 97 77 81 41 17 16 13 42 77 6 77 49
64 21 9 49 3 7 48 5 71 87 56 64 12 77 40 42 65 92 98 44 93 82 17
45 19 74 27 76 45 66 66 27 90 50 34 33 0 94 1 47 53 84 54 56 57 37 40
63 19 90 89 75 96 89 80 26 37 66 28 75 70 31 57 9 92 74 45 88 97 13 88 69
88 51 91 33 35 3 11 60 7 60 74 87 40 41 98 68 73 84 21 96 20 60 76 91 93 45
32 23 69 22 13 60 89 71 21 33 96 3 3 88 13 97 42 19 32 12 46 65 54 7 7 55 31
53 96 85 37 0 83 7 58 15 19 19 93 16 92 52 65 3 13 9 40 80 79 67 51 14 41 19 27
93 82 29 12 41 37 8 86 57 84 66 76 18 1 52 58 38 53 45 36 2 81 95 15 70 69 90 48 91
51 41 60 91 44 51 44 90 63 84 30 22 15 89 14 95 98 76 64 76 44 26 75 32 0 28 85 15 91 7
45 24 90 54 46 32 81 16 82 1 88 52 76 84 53 23 26 43 1 17 14 53 7 70 24 62 4 97 22 45 23
91 38 25 20 88 95 29 83 78 50 8 73 56 56 18 76 74 46 91 40 11 29 76 77 11 90 94 76 6 15 76 36
80 91 43 46 83 45 82 37 51 44 80 24 52 23 79 54 7 74 6 98 2 57 37 89 40 60 64 49 61 79 10 3 70
45 61 24 89 50 75 23 7 34 22 94 3 50 13 57 47 86 86 4 44 65 12 74 11 86 43 98 83 50 30 88 13 8 94
55 65 89 76 21 76 59 70 85 84 35 42 50 78 28 67 30 1 42 59 60 34 96 36 48 1 85 5 60 25 63 95 88 78 63
38 6 53 34 98 43 77 95 80 96 45 16 17 98 46 1 25 69 81 87 82 69 50 63 86 77 77 63 50 18 8 94 96 51 85 41
13 63 76 72 23 55 49 41 38 79 62 72 38 25 83 31 55 80 78 85 15 97 5 35 77 85 39 28 73 27 85 37 54 86 81 28 49
82 53 65 66 87 39 13 11 44 30 68 65 44 44 75 12 77 98 76 33 80 69 27 74 0 21 51 98 1 5 45 23 33 80 22 76 85 79
0 43 42 68 14 52 73 12 77 81 67 10 56 5 39 4 82 88 32 22 81 55 41 67 30 93 55 10 17 71 80 93 31 15 31 9 54 95 27
57 59 16 15 50 16 15 42 58 2 90 85 75 1 68 89 97 11 92 96 83 26 92 31 1 28 93 20 19 45 6 9 65 8 90 68 88 68 22 21
56 18 40 17 29 53 17 74 36 36 38 3 1 0 16 38 30 33 30 13 25 19 28 72 28 34 63 67 55 0 19 51 33 83 78 79 90 54 14 72 32
78 32 12 21 58 48 53 20 10 59 15 15 75 43 16 51 72 80 53 40 65 30 56 30 74 35 26 26 90 7 4 42 31 59 63 63 95 34 71 19 45 1
23 33 87 65 84 47 74 68 60 89 95 17 5 2 87 20 2 61 22 77 40 34 9 91 91 4 75 51 38 84 48 59 34 86 3 43 72 36 18 39 23 13 91
73 16 9 43 30 53 80 79 41 95 85 49 82 28 81 36 13 41 82 47 22 43 39 36 61 19 52 1 91 70 75 25 31 53 23 80 45 22 28 67 48 35 82 10
72 0 93 84 63 20 89 95 63 37 15 77 36 10 35 42 6 30 6 40 52 26 25 63 32 46 9 59 84 67 20 73 84 33 94 2 85 58 90 66 38 6 97 87 20
78 34 84 48 24 88 54 35 92 6 77 38 60 85 3 68 49 3 42 26 49 2 40 93 85 81 55 89 31 30 0 98 7 11 90 68 74 69 54 12 57 63 27 97 97 80
16 54 85 46 39 88 68 87 24 37 81 65 79 43 93 14 18 94 20 33 47 1 97 52 2 50 72 8 43 28 87 75 89 30 26 72 13 51 6 89 49 2 71 55 79 9 72
12 20 61 92 79 60 63 8 1 28 51 35 56 73 34 54 12 86 17 67 17 30 72 73 98 83 4 25 75 16 81 40 44 52 88 45 38 61 61 17 39 37 49 90 37 92 0 23
90 41 72 55 20 82 98 82 68 67 97 61 58 72 40 69 90 36 2 46 5 98 80 32 50 5 16 31 87 93 97 11 72 59 87 79 34 80 60 37 12 12 69 46 44 53 47 27 92
