500 1000
791 219
343 833
110 911
648 677
801 764
960 427
909 893
712 163
534 582
86 805
678 158
928 760
989 580
80 714
437 151
121 368
149 394
153 56
569 480
471 573
159 923
55 947
757 532
180 84
930 870
790 859
930 804
228 206
814 461
347 865
459 388
231 705
9 413
682 750
295 348
91 76
910 544
640 979
827 401
575 534
680 238
361 930
205 786
464 400
963 471
859 284
90 67
720 886
572 171
153 57
777 805
354 146
68 810
809 43
61 404
95 945
897 812
958 107
791 280
76 204
605 339
263 355
690 437
761 328
860 260
662 242
334 755
900 711
258 298
299 315
469 62
196 717
675 114
382 366
808 78
831 147
658 256
616 277
683 448
629 415
275 665
947 992
653 572
90 434
161 510
717 786
890 366
127 985
792 128
841 802
745 517
754 29
259 574
382 603
326 207
777 803
968 833
686 277
720 786
843 21
367 648
384 106
996 156
392 159
239 228
950 561
384 708
660 922
225 342
432 310
241 287
992 884
306 604
431 255
654 396
872 374
917 840
955 273
58 585
286 381
223 256
198 745
342 76
622 98
586 999
278 420
581 114
848 18
571 282
375 135
103 483
609 134
372 140
31 639
950 579
130 996
170 979
248 275
604 891
967 100
128 449
537 381
635 423
641 604
562 100
350 317
82 974
45 749
435 534
83 982
839 917
731 387
719 558
869 191
984 667
584 673
777 293
305 995
521 494
228 243
759 681
131 17
209 37
197 562
561 702
992 125
29 380
226 676
190 616
540 653
364 532
849 601
751 986
245 180
656 384
489 271
858 882
830 339
395 920
336 495
656 946
278 779
352 66
470 949
655 473
78 940
454 852
697 636
641 752
502 674
593 996
791 832
771 950
41 738
689 952
759 898
839 340
636 313
8 918
649 567
866 305
243 222
336 381
320 34
327 208
788 171
947 778
63 965
858 61
153 791
665 468
321 164
678 43
99 143
797 888
896 90
559 825
666 249
152 343
168 18
601 361
758 647
165 955
256 56
695 623
41 962
268 421
367 653
725 216
178 877
584 241
445 118
150 64
155 662
648 576
246 85
238 451
476 504
529 597
811 383
842 133
679 299
810 234
497 692
211 410
722 938
831 320
16 219
40 55
624 684
631 698
821 467
233 878
111 493
918 787
960 35
540 622
219 506
364 715
638 651
123 873
754 640
299 246
352 464
611 756
926 965
509 868
643 364
487 739
775 717
44 450
494 68
243 211
918 870
904 680
439 632
122 781
939 645
653 217
990 126
392 290
792 967
290 863
560 248
193 289
451 401
683 292
925 273
392 250
744 569
703 258
875 172
321 471
348 506
83 211
185 285
432 934
356 812
278 162
373 326
687 713
532 657
747 96
559 716
340 21
768 129
634 656
875 383
584 974
926 359
151 284
290 221
225 434
162 202
913 397
210 8
57 121
817 949
676 423
489 427
725 196
471 199
168 90
462 577
455 19
329 763
479 34
145 718
717 461
859 729
931 208
686 276
839 91
211 628
46 144
302 175
565 909
972 547
72 393
381 33
463 492
780 328
61 375
845 295
66 847
807 339
668 780
209 779
250 359
330 863
729 211
139 232
395 226
800 828
252 635
704 73
814 211
680 84
416 995
47 978
882 352
469 863
292 144
213 204
792 283
893 247
198 352
403 606
198 138
658 515
907 507
454 751
702 152
372 648
736 428
662 757
292 969
485 716
572 572
384 441
347 761
28 186
523 608
748 808
408 798
587 273
605 934
983 556
533 289
305 756
204 220
626 897
32 778
601 739
106 953
434 184
313 777
272 512
609 330
622 88
904 53
339 44
209 694
900 320
165 456
799 32
910 530
133 398
662 625
271 820
560 718
636 26
772 313
801 643
425 414
267 428
86 447
769 964
721 874
837 770
668 949
653 219
237 527
933 227
118 752
55 270
964 307
749 903
19 211
198 345
305 301
176 317
498 917
910 987
669 107
218 676
564 222
235 878
705 921
266 857
319 790
154 219
648 777
327 183
566 543
688 44
883 46
335 210
668 93
665 719
483 32
185 308
588 197
858 994
363 275
165 33
172 140
711 217
74 191
407 738
140 307
135 746
157 177
824 605
876 538
347 354
356 673
981 139
460 185
706 901
857 154
686 697
26 288
743 401
4 693
591 175
687 665
810 347
961 71
675 428
778 273
211 970
384 62
796 913
348 195
906 287
204 744
676 65
682 725
906 259
797 740
503 608
830 704
393 97
958 415
246 649
86 948
314 0
191 776
918 109
