500 1000
270 117
276 99
453 839
89 495
783 425
594 12
261 948
287 334
408 424
485 589
521 958
83 52
847 639
854 509
860 49
242 875
57 516
442 480
435 287
777 696
534 865
418 157
762 413
686 573
387 556
812 449
957 281
253 247
582 922
368 394
150 475
67 512
606 335
188 429
605 681
431 247
201 575
993 457
404 817
956 275
988 905
347 162
295 835
705 900
326 14
117 255
882 180
209 114
965 367
419 68
355 340
267 859
256 564
198 224
99 409
459 898
995 582
444 32
161 522
903 99
439 630
653 970
279 4
586 128
191 579
239 579
235 145
389 230
180 712
955 442
687 228
673 113
809 875
957 659
106 198
590 148
591 352
960 253
29 652
472 449
187 580
488 748
799 999
20 271
531 842
846 855
705 339
663 503
69 945
480 475
843 512
936 31
464 940
62 950
749 548
257 655
401 849
741 189
222 295
970 343
183 883
264 575
849 293
381 174
728 896
339 280
546 672
459 20
586 27
414 439
982 675
454 73
58 43
616 352
608 984
469 788
552 170
337 779
509 203
667 909
584 935
366 938
17 605
264 763
259 653
281 463
200 506
694 943
461 458
391 516
526 43
565 399
597 448
625 9
471 973
712 708
215 911
131 914
56 32
879 428
869 265
127 830
571 304
499 793
226 29
691 561
935 935
428 648
590 101
263 642
750 458
62 19
741 616
704 734
854 464
415 864
343 416
152 716
888 590
203 759
513 869
268 967
260 685
649 296
883 152
588 351
523 842
379 42
593 713
895 295
995 670
106 133
922 137
596 592
710 212
799 33
259 193
217 741
83 805
99 709
69 569
904 942
124 335
984 121
283 274
246 790
831 441
534 516
621 29
898 300
686 969
631 720
783 162
300 797
918 134
843 80
123 658
555 521
355 398
13 121
99 244
37 777
803 594
708 510
536 636
4 512
230 221
931 370
110 807
315 575
973 233
761 210
29 664
853 558
408 522
489 584
873 511
822 882
350 736
916 57
75 141
824 962
848 353
282 56
647 569
567 649
614 453
389 418
84 710
845 823
938 217
558 39
286 298
352 96
304 965
637 319
423 368
79 987
812 773
854 995
810 527
24 660
139 171
614 471
127 321
853 987
993 787
250 463
26 542
650 474
426 166
705 439
611 550
921 523
249 144
5 385
95 402
230 312
76 787
446 355
78 436
395 481
853 25
414 278
627 50
477 138
706 21
766 473
912 559
5 570
519 923
144 179
543 858
696 678
39 492
243 501
401 861
264 107
191 283
554 894
403 271
329 575
227 698
661 228
212 674
492 961
142 822
334 474
505 894
904 660
414 966
486 325
873 580
988 264
837 168
294 165
977 828
206 105
834 156
46 194
177 816
279 894
798 112
993 885
877 455
604 995
440 682
775 154
45 219
830 184
626 313
73 165
518 682
843 880
1 148
465 610
783 545
764 635
632 785
655 939
868 356
749 484
358 136
365 838
550 807
560 163
243 605
293 181
273 273
482 884
895 914
581 396
316 596
315 278
716 394
210 150
229 590
98 293
31 847
330 904
563 250
912 97
842 493
864 181
34 376
561 701
381 717
643 688
74 577
806 753
512 747
968 13
792 20
613 656
787 360
860 328
572 860
895 714
270 680
659 884
137 712
793 211
482 149
556 838
736 505
611 355
950 211
290 936
166 919
220 404
114 474
804 839
377 357
253 575
768 895
829 692
463 872
161 199
150 755
574 646
991 804
844 675
117 875
423 311
270 967
657 201
429 550
594 611
323 100
465 606
271 122
488 756
739 321
83 207
33 639
841 897
302 537
351 675
566 618
273 282
104 715
322 542
843 668
13 733
65 625
981 32
643 136
26 140
469 2
13 916
940 928
319 53
517 641
949 378
240 881
790 369
444 891
959 525
396 3
39 813
267 573
287 678
212 506
261 892
702 660
145 839
374 775
390 331
957 763
261 640
11 823
119 612
611 865
442 541
289 683
926 140
746 760
72 198
163 287
359 277
565 519
869 550
767 588
23 628
788 888
345 685
215 165
452 499
540 642
450 118
417 629
587 984
21 641
528 82
447 560
608 5
962 906
618 227
480 334
306 286
493 943
759 33
581 883
405 502
872 641
166 848
604 89
54 67
228 313
887 952
105 732
882 5
646 557
791 876
800 701
447 403
325 961
336 572
68 208
409 238
166 684
975 156
603 262
479 323
280 47
276 426
943 396
475 421
144 617
294 107
175 938
542 522
622 150
876 22
492 701
322 377
454 467
533 64
93 141
597 370
