500 1000
474 245
241 906
755 892
998 809
385 785
312 12
208 396
344 860
863 518
443 451
454 178
508 806
155 99
813 342
678 559
607 608
294 770
558 825
715 926
384 437
549 289
327 978
468 447
588 753
882 425
711 365
103 30
908 167
339 386
296 72
953 533
149 568
18 341
210 679
71 374
519 563
419 896
672 330
632 170
999 480
145 118
727 746
904 77
822 700
674 428
922 336
79 383
799 160
246 821
72 702
968 972
765 641
996 951
283 259
955 341
482 626
476 76
915 547
187 93
121 613
766 498
866 805
417 77
357 334
490 235
190 404
687 305
503 561
494 189
274 151
597 352
965 278
612 171
412 376
879 168
237 316
904 330
944 505
621 592
414 315
550 837
20 954
802 732
912 553
42 274
931 972
246 604
935 262
575 203
226 497
972 933
324 487
593 286
846 114
181 519
51 527
602 277
891 408
491 157
190 977
753 335
878 811
190 808
600 904
302 205
773 454
826 101
91 544
551 958
433 129
415 458
139 434
111 899
539 637
760 333
793 771
721 891
684 644
549 989
961 501
713 832
876 983
866 926
45 869
484 96
212 237
13 90
807 699
451 438
339 171
219 787
970 70
724 926
557 30
275 714
42 621
409 436
231 403
114 210
408 887
7 382
92 176
726 406
975 260
983 630
844 656
539 823
225 281
753 817
344 187
457 631
426 800
972 66
943 387
891 65
964 453
487 423
628 568
905 406
586 19
748 67
709 325
224 361
621 13
783 403
302 913
173 396
650 77
972 161
524 31
653 914
522 233
742 524
242 926
200 706
841 153
304 574
303 66
145 330
175 914
472 452
326 129
176 282
578 230
887 393
125 247
921 725
145 553
35 380
70 114
626 699
731 37
589 134
330 351
240 506
766 600
691 125
953 411
283 800
329 537
183 827
306 834
813 10
923 318
846 919
586 348
567 552
504 89
826 659
437 539
44 903
227 422
296 44
894 383
604 78
47 15
539 222
37 946
747 130
733 864
639 694
435 964
399 50
970 691
918 221
376 344
389 155
182 238
823 764
502 860
621 253
133 416
850 498
388 853
273 452
713 799
558 487
675 953
706 216
655 965
987 125
76 596
11 669
814 638
560 762
1 708
412 540
315 227
462 40
607 716
9 424
791 467
731 477
234 892
296 690
647 533
600 67
641 784
175 165
27 719
707 680
790 981
123 699
40 210
166 855
119 47
634 38
383 179
734 301
448 477
114 888
291 988
309 669
742 443
743 908
518 776
216 853
141 784
729 35
781 323
506 719
451 478
963 831
231 520
359 225
828 524
470 3
723 729
578 253
300 767
180 241
775 683
720 545
39 876
38 698
569 567
938 728
541 760
342 187
802 810
615 512
758 201
205 306
334 54
159 66
802 834
15 285
541 207
833 717
268 371
994 83
693 910
902 747
498 230
250 728
350 105
188 282
263 332
760 917
540 833
716 517
913 309
142 238
353 691
388 720
92 499
69 963
697 288
822 799
308 417
231 696
924 965
287 424
775 324
941 197
551 371
361 708
705 976
522 310
466 144
130 371
645 614
103 820
148 908
802 533
363 126
661 106
827 685
265 913
133 706
622 585
828 780
959 673
657 739
948 93
1 382
321 876
706 954
232 53
942 483
163 363
695 592
516 287
387 530
224 957
586 894
737 65
862 836
284 140
121 390
811 649
262 188
907 445
457 575
728 767
928 694
439 564
742 166
836 341
958 804
486 693
717 888
592 702
931 354
633 228
859 304
334 892
112 84
46 373
954 191
927 912
282 186
615 637
587 15
262 223
914 11
818 416
359 343
322 335
803 655
215 753
268 515
807 45
976 556
116 725
967 865
997 522
899 186
660 480
716 732
32 426
655 927
667 118
143 500
126 116
39 260
988 995
159 869
885 109
229 901
708 420
829 548
707 637
236 813
756 916
258 725
683 456
606 528
3 720
182 488
574 278
759 727
826 859
746 871
56 931
576 615
94 842
591 545
119 376
541 994
1 1
748 594
888 968
215 597
473 69
924 553
529 596
34 48
583 712
885 376
872 599
208 162
298 304
170 512
202 403
781 858
10 648
362 451
613 554
953 351
173 173
992 527
991 854
265 257
101 850
73 130
485 818
878 813
791 813
897 761
453 694
252 805
310 767
686 135
196 959
316 278
183 504
418 900
24 452
107 120
899 961
214 227
879 298
825 274
727 769
970 419
734 538
971 971
183 897
174 767
267 934
826 834
31 695
876 742
988 567
241 143
480 502
619 116
638 602
850 519
