500 1000
363 967
476 548
663 121
672 394
683 324
568 816
794 136
167 303
815 981
694 912
294 132
92 498
431 31
404 356
651 125
223 671
626 48
829 96
692 27
518 437
294 246
917 406
192 308
743 886
740 807
233 409
122 154
360 784
634 926
772 939
289 241
808 87
119 37
259 952
8 629
738 792
267 341
458 577
863 954
569 648
300 0
820 26
641 51
438 731
474 783
296 532
444 500
116 349
796 524
326 916
892 975
381 508
256 354
926 18
193 291
498 700
351 415
865 995
692 864
415 706
430 297
174 567
910 188
661 273
111 167
751 43
512 329
342 505
726 627
985 136
916 445
932 795
948 742
168 731
539 313
922 486
880 460
840 195
597 347
498 317
793 220
949 950
924 636
525 646
37 338
996 364
353 530
350 628
189 805
992 978
494 870
904 950
6 864
814 897
770 159
763 574
1 773
496 508
0 590
915 668
892 725
14 926
712 640
777 464
368 954
225 737
756 919
152 923
961 933
382 640
116 330
368 551
169 208
665 78
267 104
39 178
429 934
255 69
88 785
779 279
54 910
755 800
182 597
930 637
865 924
458 185
605 242
306 926
999 583
887 580
607 235
969 496
286 100
96 529
931 491
470 152
15 457
863 446
213 486
118 427
646 459
418 547
627 497
345 715
628 177
827 725
18 325
858 48
72 494
376 140
39 968
810 108
58 747
524 516
639 852
141 573
895 227
28 535
927 910
563 647
232 478
235 945
389 400
633 128
203 990
95 915
333 103
534 42
960 997
106 106
140 245
966 692
13 213
290 213
369 513
122 785
955 198
633 2
423 162
70 512
527 291
950 969
621 304
690 259
234 253
442 334
518 595
105 880
833 71
595 436
937 786
957 675
677 721
932 141
18 605
721 313
163 629
796 131
831 891
102 166
662 397
291 579
691 349
919 800
993 451
264 548
735 424
317 426
317 959
973 637
348 328
683 51
201 140
185 332
706 936
443 652
228 675
341 543
165 866
7 597
333 671
80 223
218 342
529 97
228 192
755 551
782 986
363 885
231 24
597 914
184 959
928 709
958 401
440 883
866 260
353 215
431 813
451 619
963 897
161 381
34 764
278 206
504 149
482 919
118 314
673 853
15 160
549 432
74 718
901 582
538 90
414 613
365 92
249 152
666 666
933 849
95 387
631 712
354 600
71 363
158 640
748 79
72 723
378 165
306 601
195 881
815 364
493 783
488 323
43 567
911 209
270 11
507 69
901 437
755 107
706 831
454 931
87 309
882 816
568 821
652 628
955 275
448 74
974 198
352 84
560 95
866 766
211 251
405 187
568 543
789 350
507 115
776 483
880 58
23 288
510 488
545 206
276 821
540 660
250 434
245 854
456 225
586 794
108 362
823 179
576 675
350 761
675 344
234 193
17 91
261 433
445 894
224 575
182 62
84 778
23 10
263 945
548 237
249 731
554 8
135 87
494 811
991 988
953 357
69 251
546 203
182 68
156 941
131 575
89 335
192 533
80 783
165 965
883 970
381 698
524 28
150 549
121 879
616 360
629 867
865 987
441 208
256 922
507 408
208 110
646 232
560 243
978 320
985 890
901 985
631 800
234 671
411 735
417 671
16 187
304 226
638 256
608 714
307 170
370 709
904 684
124 904
539 445
359 526
25 760
203 633
767 588
981 56
272 715
39 162
569 462
889 961
907 49
415 818
817 507
698 437
867 633
28 760
298 892
638 16
790 983
388 59
676 61
908 944
979 627
34 656
769 698
840 705
929 656
852 408
849 775
986 55
553 126
252 927
198 782
79 512
55 32
912 126
367 741
631 38
125 902
147 714
769 317
157 801
0 732
145 163
818 333
579 971
849 161
390 166
877 532
955 139
566 209
696 795
201 523
615 915
198 876
584 920
73 961
689 930
80 765
909 484
797 220
59 931
685 107
729 652
935 543
617 667
801 419
355 746
192 823
402 23
262 413
947 649
1 484
291 948
937 539
457 634
442 926
628 852
187 629
182 658
254 126
729 808
281 399
897 450
404 504
547 985
813 513
763 766
64 960
900 118
307 742
796 294
65 690
958 833
988 989
428 176
904 344
964 377
726 947
258 172
95 648
679 601
618 704
257 926
592 444
995 576
893 822
326 8
793 664
871 72
992 53
235 293
7 711
377 831
592 233
375 895
103 14
976 9
414 882
580 578
799 136
368 635
672 131
911 271
179 752
201 945
302 515
604 282
105 186
496 570
374 256
271 932
854 115
925 55
977 543
44 889
22 523
355 247
