1000 1000
470 467
147 254
629 387
551 79
300 693
307 954
246 512
686 599
827 134
489 868
582 1
749 7
488 294
48 531
606 952
881 64
489 576
802 54
533 644
398 898
324 430
747 157
243 911
249 353
549 260
107 390
487 839
654 212
965 600
408 593
731 566
915 61
197 384
18 76
707 401
851 547
295 308
182 271
833 820
37 899
589 520
684 801
115 5
282 907
480 483
376 393
755 796
746 869
99 91
268 70
783 970
304 394
141 950
709 792
319 303
9 980
562 850
202 836
169 737
193 171
835 919
480 796
744 20
189 490
993 135
816 525
72 53
18 159
462 685
519 255
756 46
605 926
988 499
901 968
337 438
889 134
356 426
735 706
441 541
701 114
49 38
645 896
105 748
667 217
386 992
757 397
114 971
602 183
684 490
814 406
523 737
445 810
509 838
718 226
342 360
682 750
497 96
300 913
391 918
795 225
409 823
662 226
112 157
952 624
296 160
765 628
543 660
411 872
284 299
28 734
622 868
635 294
171 683
884 38
123 283
890 32
323 210
427 950
150 845
246 401
841 923
65 82
966 390
444 808
579 495
522 572
907 689
240 225
734 489
686 705
709 260
311 67
289 34
572 585
612 506
253 857
863 974
50 954
574 343
839 994
49 428
847 125
572 840
818 449
914 977
858 848
541 960
826 421
65 182
872 578
330 468
613 154
811 814
618 698
600 328
837 926
22 641
140 209
673 263
97 916
575 692
503 675
692 192
844 229
940 86
360 419
352 291
837 106
427 493
150 740
725 848
781 451
818 759
864 912
251 368
908 771
877 721
285 364
216 618
413 50
107 27
859 26
174 464
381 114
57 674
825 238
611 567
424 306
429 949
436 57
792 723
796 742
812 464
662 57
386 672
756 29
53 828
218 360
44 634
342 234
107 725
841 393
371 614
925 579
375 387
136 974
465 823
408 373
740 97
807 708
387 410
970 734
865 321
308 884
355 146
224 105
355 399
886 68
566 508
853 246
544 633
427 957
958 324
569 167
85 413
459 163
690 582
558 13
697 955
26 264
17 502
866 489
871 223
977 937
507 465
416 867
120 488
102 343
640 346
743 678
103 675
375 615
910 638
433 905
67 953
755 666
623 904
589 264
633 37
618 638
185 398
693 889
423 599
208 131
93 170
265 112
418 764
342 919
417 418
378 35
793 851
208 763
750 712
48 431
608 225
104 548
42 610
941 881
838 622
586 899
583 771
647 30
183 102
630 741
26 224
122 148
826 498
353 963
653 516
612 646
436 484
988 547
269 637
823 531
579 598
795 421
660 285
578 344
684 660
71 407
233 522
729 338
182 749
645 178
571 534
984 844
285 53
845 251
738 640
644 111
696 270
260 442
486 777
314 853
43 715
522 822
53 703
742 357
941 76
869 288
194 910
277 155
691 253
812 779
537 242
811 549
835 766
821 746
276 774
590 479
674 93
95 322
416 624
505 311
783 727
296 676
193 18
315 57
22 411
977 221
970 995
213 125
478 223
181 85
157 196
479 492
131 928
693 747
1 532
844 886
988 263
223 999
919 860
721 615
478 239
291 935
557 611
306 238
935 624
532 483
707 659
765 53
28 671
709 209
401 603
452 428
668 787
738 577
710 899
600 317
323 921
890 250
498 499
257 641
584 961
324 627
253 940
567 906
815 311
95 787
958 477
900 631
768 716
184 74
349 760
927 931
421 722
7 230
513 762
106 742
704 539
794 551
571 46
181 682
3 386
57 530
465 187
698 312
294 8
697 50
836 530
551 953
5 753
594 978
466 129
535 765
567 509
209 949
117 610
80 903
8 280
598 294
930 228
462 174
623 705
670 640
387 921
495 158
369 366
162 32
742 326
861 357
116 31
855 557
99 959
72 903
5 383
972 599
41 488
753 739
964 391
519 645
666 109
192 979
106 762
480 198
635 707
351 216
825 114
44 81
173 349
676 443
308 401
692 541
239 88
235 949
819 424
451 674
321 967
177 200
713 684
339 789
194 320
371 228
765 236
345 728
675 500
517 331
60 117
597 879
410 3
747 565
598 14
931 300
913 526
700 725
980 421
556 85
148 675
697 330
376 800
886 905
462 757
626 335
702 860
247 646
892 209
538 3
3 145
678 70
288 210
342 346
765 339
739 869
439 910
282 114
395 675
514 597
300 695
212 502
40 732
996 146
235 75
959 31
804 879
509 799
671 444
633 438
827 816
983 663
229 625
950 59
156 47
174 220
942 515
587 306
715 455
218 883
977 896
539 536
904 290
656 38
807 43
741 34
221 75
177 721
661 578
396 463
596 947
993 158
821 647
6 33
967 221
81 865
333 432
981 760
502 65
982 76
886 752
705 982
301 885
0 340
558 995
797 508
947 415
964 370
887 685
829 164
100 605
474 372
735 604
94 597
400 669
535 705
550 9
974 554
90 325
621 480
962 491
896 499
578 572
262 250
6 381
593 459
19 191
148 115
598 723
862 528
997 341
693 685
653 648
172 838
372 251
767 909
128 147
614 628
151 849
696 924
25 949
474 101
922 643
273 615
20 333
140 385
757 169
317 47
37 500
794 809
67 831
655 362
528 666
278 671
700 222
721 561
471 999
823 396
915 402
110 824
312 138
961 655
744 18
602 561
453 486
976 333
159 82
292 545
82 752
625 291
551 444
427 529
626 370
329 230
396 987
949 734
538 539
228 948
854 830
689 193
404 61
799 624
464 27
711 432
926 733
494 506
170 346
851 931
449 527
392 612
831 694
798 304
674 327
22 686
47 327
53 488
612 1
447 483
398 771
968 504
180 402
671 682
316 608
595 913
884 397
283 206
819 435
225 0
681 759
830 718
188 77
420 886
708 83
743 134
210 425
374 209
876 710
809 380
348 383
283 817
323 836
914 259
24 595
589 20
965 250
477 476
131 655
542 403
76 10
224 384
210 485
802 730
31 306
974 671
460 438
795 260
374 92
838 141
941 174
738 301
919 912
730 512
869 717
661 486
84 878
762 163
311 919
843 757
411 764
638 821
443 317
265 58
93 414
319 338
900 946
313 283
847 785
534 265
763 695
110 624
476 479
403 517
562 80
186 248
697 55
144 444
921 876
160 835
752 905
420 227
828 769
978 373
574 70
401 528
699 638
715 737
53 70
70 615
1 791
470 828
18 376
781 510
582 516
430 110
607 134
454 0
717 506
884 21
370 894
90 445
167 833
788 553
757 530
625 977
574 260
128 697
20 321
173 873
714 484
284 516
594 364
300 273
927 638
512 105
421 617
162 48
253 648
201 0
517 971
805 778
287 936
919 254
265 945
887 974
437 269
257 813
634 19
783 245
882 651
829 314
429 224
656 489
647 764
617 742
245 130
217 12
982 114
557 405
527 464
899 140
239 974
605 337
325 451
599 238
839 347
364 0
548 626
949 272
332 404
188 250
766 974
182 93
866 634
543 20
336 254
523 589
905 711
378 624
21 941
387 458
652 606
596 91
609 967
361 788
891 104
91 893
422 864
355 486
674 112
943 244
363 156
780 119
817 904
181 946
520 696
123 698
242 83
102 946
428 784
83 14
278 944
294 615
703 622
337 79
280 781
541 957
568 938
569 651
192 826
809 846
304 388
728 406
666 746
714 198
36 771
715 582
740 317
788 792
615 698
599 112
851 345
680 775
287 526
191 761
79 988
684 605
835 314
994 613
506 875
519 680
915 859
266 708
357 694
822 839
80 539
254 176
691 890
729 817
143 10
593 73
124 750
414 239
563 233
888 241
948 63
861 798
528 365
616 496
345 788
435 374
537 986
358 752
168 514
312 405
674 477
357 402
577 785
936 732
847 601
251 560
310 677
414 856
251 539
52 401
448 926
692 283
338 806
302 672
178 392
76 665
400 872
475 613
212 772
442 340
799 498
331 963
906 933
335 968
980 92
39 768
546 980
144 423
50 463
191 888
58 708
461 926
287 369
348 763
943 239
379 822
746 237
783 962
719 56
811 212
291 129
912 293
816 598
904 690
459 814
232 240
670 31
164 252
288 539
784 953
513 259
756 139
162 57
903 956
796 348
48 173
209 448
648 792
32 741
108 643
332 177
810 384
943 400
905 978
267 643
694 946
498 678
836 523
806 823
628 931
483 660
46 635
740 779
631 433
571 448
379 652
885 571
412 167
173 472
427 410
376 643
167 85
770 963
372 710
118 398
302 989
259 917
62 190
109 546
420 39
874 303
670 819
15 401
471 718
257 909
499 122
144 890
698 137
872 47
212 636
755 270
908 891
668 57
608 630
989 563
679 20
979 667
652 449
368 773
58 125
153 225
449 891
849 200
656 455
342 20
923 508
51 391
607 213
318 631
523 250
498 113
249 670
992 515
558 118
41 950
886 756
655 476
556 997
757 318
353 975
852 673
97 272
863 642
662 419
953 200
368 84
742 633
378 102
151 295
107 906
578 660
307 403
386 724
428 760
810 379
436 57
672 951
888 606
959 62
282 628
381 634
262 898
271 28
418 387
226 840
348 860
740 560
848 209
