500 1000
402 281
794 804
181 280
566 278
292 804
796 385
377 548
455 830
165 604
70 821
904 677
133 129
498 892
438 360
305 409
735 850
60 940
757 248
368 771
377 271
201 166
170 308
187 127
332 210
777 468
119 857
494 871
219 74
794 496
554 105
143 48
286 986
364 714
766 23
706 862
723 328
6 869
159 244
78 180
56 760
24 866
442 822
799 148
35 719
534 340
354 619
314 749
842 632
204 651
124 426
28 672
475 842
836 345
476 538
452 763
381 704
697 880
885 673
444 86
797 312
296 42
317 599
396 641
810 485
202 863
759 312
518 3
353 381
251 395
528 166
291 308
298 443
254 653
762 92
941 244
962 510
158 49
12 692
315 530
71 648
718 758
63 26
16 942
158 688
851 881
419 55
4 767
112 785
957 392
776 319
689 630
368 608
938 640
542 643
888 745
119 98
850 648
589 936
714 185
465 380
436 500
645 694
583 772
974 409
503 211
96 385
674 4
98 544
490 697
331 916
586 990
229 986
965 374
352 201
387 484
627 712
77 316
399 58
139 708
276 636
628 981
48 579
998 38
77 659
334 931
339 766
163 258
446 570
862 910
761 470
4 735
842 117
351 690
800 452
674 869
27 961
36 478
891 445
422 620
243 939
800 886
615 9
561 219
436 815
150 762
919 950
581 586
856 667
34 580
664 131
538 304
10 521
934 238
806 318
754 391
147 544
647 938
438 182
309 994
638 27
405 568
90 874
22 134
725 537
406 548
968 448
668 974
321 91
499 469
443 790
762 669
582 506
210 63
784 613
55 688
36 222
171 34
770 729
351 153
47 383
19 216
615 475
424 357
832 624
947 139
73 15
493 223
186 495
722 301
486 653
335 619
926 983
31 694
312 260
479 940
200 431
392 578
973 75
517 847
264 176
926 352
200 398
653 805
914 362
223 60
375 679
268 789
149 143
770 454
67 770
903 704
175 614
782 921
35 136
245 819
112 978
124 277
721 838
64 384
723 825
720 45
675 859
864 181
393 334
677 745
779 821
7 635
973 743
718 901
256 108
326 864
184 903
965 912
227 788
671 606
423 781
959 326
75 80
249 459
352 899
541 903
353 762
527 143
673 496
925 238
788 620
529 24
601 230
72 626
238 731
770 873
597 765
722 808
885 94
904 574
36 54
125 24
924 667
319 82
131 497
174 251
176 171
46 554
26 648
110 316
971 169
776 496
909 185
458 460
420 70
429 88
532 424
228 876
788 472
358 990
52 11
664 326
658 975
653 926
203 948
711 12
33 862
227 306
568 627
423 616
613 272
543 848
705 41
81 987
634 528
510 690
146 406
402 983
173 40
13 292
885 867
779 580
728 363
777 281
557 81
73 910
98 987
624 150
498 576
957 253
149 52
989 918
208 761
597 500
46 399
912 324
671 781
650 946
825 480
203 684
244 643
136 109
434 224
326 202
399 574
328 170
877 980
596 857
339 260
729 830
71 108
716 838
937 937
235 640
946 44
633 155
702 354
307 508
646 550
498 733
672 754
706 298
826 39
555 677
189 497
710 685
199 246
218 170
140 759
343 253
486 680
82 622
618 893
555 541
380 326
340 381
430 245
803 29
469 981
673 761
949 469
28 913
78 149
489 337
511 313
126 745
458 267
920 925
224 814
48 703
750 400
403 307
560 47
602 124
133 583
111 173
123 587
602 427
517 179
563 569
362 300
632 908
808 478
633 120
64 842
994 90
28 411
361 583
798 335
57 637
147 645
454 497
528 129
857 969
19 21
54 547
550 603
717 597
175 241
830 247
459 579
569 94
948 255
236 266
121 157
622 994
462 990
332 462
291 783
721 653
17 318
396 936
473 204
204 502
127 739
239 794
576 801
916 243
872 622
477 858
352 739
258 681
262 931
801 778
316 878
858 117
869 268
979 846
613 31
423 447
161 252
940 465
592 924
220 361
160 221
580 313
859 406
892 788
355 875
503 910
588 686
436 907
97 327
475 375
994 885
668 14
700 245
668 413
762 2
865 408
26 23
465 333
323 433
958 465
14 951
965 466
634 46
590 93
684 512
750 761
183 206
740 460
865 742
209 4
422 502
275 872
688 785
868 72
967 729
390 2
206 543
298 807
294 279
730 117
7 559
715 302
292 609
710 801
934 326
305 56
148 526
306 609
986 526
180 593
559 81
93 446
523 130
39 507
721 808
462 250
673 531
705 669
281 351
84 421
349 302
213 903
365 587
854 540
222 52
146 248
716 679
243 517
790 913
772 56
74 466
