500 1000
927 160
187 958
964 857
803 421
163 467
167 90
987 609
306 920
560 378
626 620
165 287
737 637
539 870
430 376
722 886
107 119
725 779
224 595
451 244
825 455
283 83
388 687
408 13
397 121
885 179
701 242
83 352
216 220
168 820
421 287
674 161
916 686
820 748
452 179
761 501
50 941
607 426
296 825
301 345
637 599
40 565
730 767
498 171
333 12
365 742
641 359
614 991
406 463
725 185
893 279
636 140
22 608
503 360
893 825
51 565
723 396
745 568
113 460
324 968
898 860
625 330
313 993
248 362
921 530
368 643
556 854
231 865
350 263
362 716
394 934
913 448
181 168
743 795
698 975
185 855
550 692
773 857
878 515
149 376
941 815
308 410
665 560
800 499
472 187
368 832
464 561
552 427
908 345
571 287
318 970
808 831
65 516
585 722
990 415
303 794
10 23
58 581
125 518
312 915
966 810
963 778
213 809
40 54
865 673
252 588
483 261
562 481
747 117
396 671
754 181
638 192
504 937
153 150
590 935
838 946
166 38
608 667
274 478
856 465
842 440
139 978
691 286
223 45
36 54
334 646
258 388
650 34
399 118
457 451
630 323
91 702
778 622
562 274
191 528
816 220
233 12
536 9
420 487
742 347
900 504
248 792
38 612
545 671
735 437
556 485
563 515
726 487
872 859
567 417
957 80
986 926
261 535
74 432
528 464
943 331
443 650
314 597
311 589
406 41
152 846
592 524
927 342
504 655
50 356
927 414
314 949
995 616
213 465
642 41
694 207
60 828
834 988
195 677
811 216
951 966
890 73
197 576
401 260
360 980
47 33
203 786
455 415
654 906
515 568
151 58
205 942
194 792
71 862
580 223
956 316
845 623
254 159
796 152
720 726
103 591
895 587
979 557
21 151
409 532
118 926
538 284
639 284
396 989
523 857
716 397
608 713
87 76
378 455
604 502
534 819
485 200
994 25
862 791
867 988
884 118
342 394
762 414
715 314
815 611
855 404
340 325
617 552
621 508
999 89
327 376
170 547
129 175
576 435
485 984
64 758
576 407
339 909
808 954
441 271
550 204
329 479
980 408
278 976
265 921
454 806
458 727
708 383
763 4
937 449
271 135
902 150
389 961
861 718
915 374
969 555
799 663
811 603
651 782
102 57
9 737
142 357
519 546
212 725
597 990
973 476
365 517
348 314
866 994
956 845
884 652
435 30
170 771
227 375
930 550
819 27
717 733
526 38
54 795
890 599
940 630
412 771
6 602
890 333
191 379
40 626
771 498
959 953
216 665
107 403
184 858
604 815
662 805
208 226
863 936
702 29
747 468
582 599
155 902
160 980
494 268
130 478
119 128
573 579
593 833
42 144
734 48
849 508
523 432
851 608
305 403
825 198
144 472
875 838
564 897
310 657
4 236
536 824
569 960
62 253
828 419
760 364
763 201
930 123
854 984
950 648
228 666
649 682
131 426
284 378
240 34
404 531
596 212
171 704
712 448
424 318
930 918
517 842
640 205
135 371
380 483
835 890
273 629
479 521
117 1
631 651
752 34
490 859
852 781
548 167
701 18
572 510
474 180
705 431
60 844
504 660
703 770
665 423
336 238
372 684
686 759
574 936
155 122
832 127
924 805
241 340
479 596
171 261
749 939
244 69
744 245
526 790
367 573
736 646
872 403
598 66
757 610
367 289
66 719
910 986
909 340
196 359
711 846
99 932
379 284
958 699
900 433
135 490
19 972
336 504
58 542
879 491
731 587
100 846
820 524
884 545
311 796
419 745
620 938
918 810
699 423
199 346
63 241
20 487
484 934
194 484
397 805
149 944
575 306
923 751
82 736
131 310
273 932
984 489
456 239
170 343
381 684
687 344
490 467
13 830
690 549
796 154
114 849
26 640
970 38
590 765
4 522
545 712
44 627
98 199
720 924
849 211
810 514
206 807
228 415
235 333
276 487
999 394
760 529
877 651
699 176
220 888
529 787
400 647
815 650
497 260
710 602
162 719
474 714
676 695
350 127
948 974
986 309
723 93
376 743
517 50
723 465
461 966
857 939
254 404
955 353
588 367
978 153
533 635
36 740
778 975
719 609
170 121
974 695
25 754
794 121
980 531
642 999
329 161
749 890
45 966
399 207
5 528
867 961
833 885
265 864
326 695
688 142
364 604
797 212
719 121
333 32
977 25
695 762
672 640
685 288
763 13
28 110
51 527
978 377
920 327
872 14
970 215
169 742
209 185
658 246
295 787
873 812
972 81
531 628
938 420
