500 1000
359 189
381 895
537 384
225 433
598 232
563 758
832 251
509 42
547 596
740 329
422 723
332 698
764 225
871 545
580 519
730 360
821 87
305 325
510 746
764 130
837 619
105 817
967 773
173 486
408 641
861 434
506 962
106 829
491 141
884 692
66 274
574 579
531 80
67 348
644 425
70 9
142 985
968 518
64 373
606 67
976 401
545 849
852 979
899 706
280 606
750 821
352 913
63 58
649 562
523 284
707 973
688 261
401 585
351 318
556 484
25 287
205 190
152 283
442 740
487 32
499 718
788 558
469 899
725 429
614 67
609 932
898 310
625 103
694 123
463 241
307 371
573 442
93 839
656 555
997 351
574 304
99 556
863 396
416 296
785 115
291 421
806 660
227 420
281 310
148 287
590 790
221 896
18 549
298 324
579 886
277 674
793 273
922 648
686 9
698 0
393 797
129 823
905 13
900 351
520 915
781 213
798 341
402 221
128 416
130 908
217 911
473 711
703 20
694 506
977 245
555 740
632 411
230 761
11 479
862 287
135 206
263 253
998 375
457 409
64 410
181 1
944 900
283 60
329 576
960 323
768 288
731 74
507 452
514 867
2 113
97 476
309 262
83 207
111 84
267 284
681 388
469 994
450 765
673 619
550 302
688 505
404 497
706 163
188 904
559 293
840 916
20 231
459 420
617 860
904 531
912 37
996 461
897 495
198 827
348 883
14 277
430 445
308 176
463 767
74 544
59 103
29 296
857 462
624 343
360 674
153 421
512 998
720 70
416 328
733 46
212 180
457 678
89 215
912 198
188 175
190 172
527 345
616 300
262 450
308 648
930 866
251 97
619 486
493 143
403 765
142 325
440 206
384 633
994 872
729 379
103 809
22 611
667 51
265 848
396 772
711 742
525 333
828 848
592 725
883 863
586 295
57 137
482 185
922 61
522 918
814 942
401 927
221 710
231 165
344 805
459 834
658 594
770 417
367 65
225 3
619 742
277 620
190 665
984 477
895 211
471 843
303 216
777 847
128 572
395 616
605 371
82 414
972 660
105 216
121 317
580 440
892 13
979 125
798 966
99 274
288 282
225 813
877 240
897 259
249 94
150 314
577 225
403 119
101 187
625 272
428 44
226 757
54 468
477 715
912 504
715 64
316 35
58 214
991 159
463 146
551 196
146 84
332 616
364 852
421 447
244 811
167 93
466 504
154 154
748 204
181 614
224 704
819 485
592 645
181 756
380 92
394 53
149 503
20 735
38 655
309 202
64 808
530 489
806 298
399 376
582 394
491 344
753 880
334 209
804 457
528 224
56 48
67 634
743 593
107 183
841 863
229 769
238 687
254 359
788 355
157 998
659 531
348 311
935 881
91 735
94 380
190 699
635 264
89 162
706 828
296 663
389 180
875 495
574 552
618 8
694 260
797 907
13 313
728 611
371 292
485 686
910 661
874 420
765 587
836 421
93 431
676 56
265 374
873 978
464 26
982 147
538 123
774 711
330 954
757 139
930 63
601 175
356 532
57 499
829 697
453 149
919 769
342 418
95 581
6 842
723 879
251 593
72 194
80 115
884 48
573 40
455 980
457 105
655 601
533 762
716 874
402 712
249 732
470 372
469 697
755 504
985 166
640 106
554 16
28 775
65 474
320 562
521 658
228 637
384 764
709 134
282 463
686 126
35 655
12 791
716 58
526 636
0 320
141 317
438 500
929 442
617 24
292 824
975 544
787 954
7 597
697 722
655 174
926 272
349 554
233 882
668 761
658 701
177 291
595 34
758 392
23 821
710 242
259 890
402 688
700 265
804 893
762 500
931 16
908 286
150 429
244 494
892 500
412 651
739 480
849 171
208 731
174 943
559 816
604 465
354 201
161 569
247 890
407 852
941 597
415 791
984 264
397 418
230 340
214 768
336 735
599 349
525 693
15 329
35 954
952 357
887 27
362 355
623 813
217 339
791 894
88 971
513 723
893 319
184 642
719 282
662 121
317 763
644 286
265 59
131 80
542 853
561 246
118 439
342 335
318 625
319 177
29 36
522 918
707 501
603 364
439 753
607 684
556 83
775 814
877 700
959 762
622 810
671 466
709 356
930 574
152 549
566 552
40 679
451 713
663 443
999 836
655 766
105 922
875 317
628 181
730 612
447 625
288 259
251 663
575 435
572 404
471 592
379 257
81 159
555 653
594 497
155 912
734 392
516 241
451 650
116 427
864 412
714 667
413 177
835 877
620 27
499 607
801 641
808 830
271 218
980 264
643 424
361 586
44 264
