30 20
ilmynl 3554 71 579
ixve 3561 76 312
hmui 199 64 905
eqgfpt 2232 71 110
asmdb 1425 56 690
fglvy 1942 56 460
vvm 1932 71 523
xcgi 4337 88 683
adjfdu 1781 91 500
ginyoy 1678 58 664
gxvy 4413 66 490
jtov 4404 54 194
jnojxy 2350 88 706
gizks 3994 70 222
oavkvg 2536 50 527
wvvo 3104 97 734
uvq 294 77 532
noc 4475 72 936
xmc 2577 83 121
moxu 2398 83 545
uwoahp 3548 75 720
iitr 2700 96 487
rwu 4664 56 617
xok 2958 90 163
etive 875 73 637
rktixx 4554 80 830
vnohi 2412 72 467
tuuvng 1010 78 169
icynjs 2779 71 435
avq 1513 87 863
