35 25
tbpsxy 4816 97 177
nbsrzo 1324 88 504
kzvr 2428 92 843
apvs 3273 57 828
cudobd 3864 57 949
vwbke 3858 80 519
aed 1236 56 437
ssoz 3713 83 610
zlqy 1794 70 546
zlyq 1705 71 710
bgibg 510 90 799
roivd 3989 70 397
spdbd 48 58 413
swpebi 3003 75 657
ypdl 1723 69 394
dkx 268 68 414
xeftgg 2121 84 296
qmolxm 3592 89 90
aciyv 3786 58 939
ymqegt 95 64 245
tdeson 4327 60 717
psbdak 2730 50 122
efwfb 1433 93 163
smekj 4452 95 654
obgpk 2430 95 371
vibv 2114 69 699
qbin 4681 77 528
kqadvz 3208 71 420
iwp 1052 90 518
smfu 875 71 337
mefx 4883 90 676
icz 4707 57 936
xwt 593 87 999
kggm 2402 82 562
syri 4537 87 268
