45 45
nwgx 4920 65 984
lsfk 4633 79 977
qzaq 921 88 560
rdyo 2063 89 559
rdvz 3994 54 69
glczay 2428 82 929
qrbhmm 4592 92 614
fjd 4643 52 333
fvccph 3335 52 848
keujrq 3121 58 815
ocvmug 1039 68 466
son 1223 71 880
xohw 1215 88 229
ivit 1183 79 833
hoiiaj 2972 66 771
fgu 2425 81 355
govd 2807 66 463
ufpdx 2900 88 902
oqnpq 548 98 890
uqwu 2549 63 87
tae 2363 98 271
vxcr 3093 79 853
ajvxuo 3106 87 425
ydgiq 4223 55 302
pvqs 761 64 502
majy 2961 88 298
sskovm 3086 93 872
xlmq 2231 67 909
sxqxms 2737 79 991
yizs 3306 61 174
degzyf 4208 89 712
rvdw 4433 69 652
jljp 314 89 448
bmp 1590 62 800
xgmxhz 389 79 980
kxxe 2767 95 213
lrc 4057 100 80
wde 2500 76 539
qrpom 2365 66 604
qbypsi 1261 58 769
xqb 2093 56 405
kbdqj 2478 78 530
cszaro 4583 57 620
mffss 4559 100 619
fywym 23 64 653
