55 21
bosji 4195 93 862
womkc 4567 84 407
mzjlo 404 62 864
rllt 2508 79 367
mrgx 598 50 729
pkw 2781 100 827
uqi 680 91 925
zhmqn 2787 79 657
pbuz 3648 90 671
sfg 4126 85 222
phvrs 1352 52 48
onnr 513 61 319
pkacme 1203 54 185
hdxeg 48 85 790
gckv 4429 71 559
cvdf 2241 78 565
tazpce 759 91 682
jxdp 3573 74 497
pqi 4098 86 940
ggzjfo 4223 81 376
bruppr 4209 77 669
fivvz 3370 84 75
mlzbpf 33 96 509
jwv 2191 60 439
cucjs 4060 95 708
asr 2276 82 683
ayj 4250 98 881
wshno 1615 74 773
qvuvt 2118 62 928
vizp 92 91 841
hzgkf 747 62 639
zxcfwv 1947 89 127
pidazp 125 51 238
jmmzmm 2228 57 937
rtpy 3205 63 294
ndx 2998 64 276
qyft 2946 82 149
wbe 1789 71 614
kawihi 3933 65 610
mtnvci 4326 100 832
vuhd 2209 67 448
njsv 2608 89 144
okdaqn 3357 69 619
lrln 3194 62 82
ytcd 2407 59 51
xudg 1250 51 980
qkh 4727 61 414
log 2984 80 460
iglktw 2824 89 707
jelfy 2463 70 497
onf 2248 99 231
qamza 599 66 493
qxcbt 806 71 307
tbaohi 3283 65 580
odx 3107 53 81
